<?xml version="1.0" encoding="UTF-8" standalone="no"?>
<svg
   xmlns:dc="http://purl.org/dc/elements/1.1/"
   xmlns:cc="http://creativecommons.org/ns#"
   xmlns:rdf="http://www.w3.org/1999/02/22-rdf-syntax-ns#"
   xmlns:svg="http://www.w3.org/2000/svg"
   xmlns="http://www.w3.org/2000/svg"
   xmlns:sodipodi="http://sodipodi.sourceforge.net/DTD/sodipodi-0.dtd"
   xmlns:inkscape="http://www.inkscape.org/namespaces/inkscape"
   version="1.1"
   width="100%"
   height="100%"
   viewBox="0 0 14 14"
   id="svg2"
   inkscape:version="0.48.3.1 r9886"
   sodipodi:docname="Parking-motorcycle-14.svg">
  <sodipodi:namedview
     pagecolor="#ffffff"
     bordercolor="#666666"
     borderopacity="1"
     objecttolerance="10"
     gridtolerance="10"
     guidetolerance="10"
     inkscape:pageopacity="0"
     inkscape:pageshadow="2"
     inkscape:window-width="1033"
     inkscape:window-height="794"
     id="namedview7"
     showgrid="false"
     inkscape:zoom="37.375"
     inkscape:cx="8"
     inkscape:cy="5.135717"
     inkscape:window-x="770"
     inkscape:window-y="161"
     inkscape:window-maximized="0"
     inkscape:current-layer="svg2"
     showborder="true" />
  <metadata
     id="metadata8">
    <rdf:RDF>
      <cc:Work
         rdf:about="">
        <dc:format>image/svg+xml</dc:format>
        <dc:type
           rdf:resource="http://purl.org/dc/dcmitype/StillImage" />
        <dc:title></dc:title>
      </cc:Work>
    </rdf:RDF>
  </metadata>
  <defs
     id="defs6" />
  <rect
     width="16"
     height="16"
     x="0"
     y="-2"
     id="canvas"
     style="fill:none;stroke:none;visibility:hidden" />
  <g
     id="g3752"
     transform="matrix(0.8952822,0,0,0.90150584,-0.2610619,-0.28310508)">
    <path
       sodipodi:nodetypes="ccccsssccssscc"
       inkscape:connector-curvature="0"
       style="fill:#000000;fill-opacity:1;fill-rule:evenodd"
       id="parking-bicycle"
       d="m 0.31754371,0.31754348 0,9.99999952 2.00007699,0 0,-3.4999995 2.500097,0 c 1.976154,1e-6 3.500135,-1 3.500135,-3.25 0,-2.25 -1.513209,-3.25000002 -3.031367,-3.25000002 z m 2.00007699,2.00000002 2.500097,0 c 0.963608,0 1.500058,0.525431 1.500058,1.25 0,0.724569 -0.631804,1.25 -1.500058,1.25 l -2.500097,0 z" />
    <path
       sodipodi:nodetypes="cssssscsccsccscscsccccccscccccsccsccsccsccsscccccccccccscscscsccscscccccccccccccccccccccccccccccccccccccccccccccccscccssccccsccccccccccccscccccccccccccccscccsscccccccccccccccccccccccccccccccccccscccc"
       d="m 13.876861,15.797734 c 0.504817,-0.02995 0.98346,-0.228655 1.351123,-0.560901 0.762272,-0.688842 0.895672,-1.801593 0.316195,-2.637574 -0.39945,-0.576274 -1.076958,-0.924233 -1.799551,-0.924233 -0.462248,0 -0.919784,0.145162 -1.290244,0.409359 -0.316535,0.225738 -0.541696,0.478612 -0.69709,0.782889 -0.430479,0.842923 -0.193805,1.846451 0.57619,2.443104 0.113494,0.08796 0.274142,0.187723 0.417486,0.259298 0.34067,0.170105 0.739869,0.250965 1.125891,0.228058 z m -0.315473,-0.69831 c -0.238224,-0.0275 -0.460863,-0.109838 -0.654618,-0.242091 -0.197103,-0.134536 -0.361646,-0.325232 -0.460408,-0.533585 -0.06063,-0.127914 -0.09698,-0.250556 -0.117574,-0.396667 -0.0068,-0.04836 -0.0082,-0.07568 -0.0082,-0.163327 0,-0.11405 0.0053,-0.169467 0.02619,-0.267935 0.06966,-0.330301 0.272569,-0.629465 0.559983,-0.825646 0.194891,-0.133025 0.414807,-0.214076 0.658395,-0.242652 0.04022,-0.0048 0.08241,-0.0065 0.158683,-0.0065 0.07627,0 0.118471,0.0016 0.158682,0.0065 0.243587,0.02858 0.463503,0.10963 0.658395,0.242652 0.197101,0.134535 0.361644,0.325231 0.460405,0.533585 0.06063,0.127914 0.09698,0.250556 0.117574,0.396669 0.01177,0.08383 0.01177,0.242827 0,0.326654 -0.02059,0.146111 -0.05695,0.268753 -0.117574,0.396667 -0.09876,0.208353 -0.263304,0.399049 -0.460405,0.533585 -0.214271,0.146254 -0.452351,0.227614 -0.728291,0.248884 -0.04128,0.0032 -0.202622,-0.0012 -0.251245,-0.0067 z m -8.4630832,0.689124 c 0.4896782,-0.02798 0.9250439,-0.192287 1.2977983,-0.489782 0.063183,-0.05042 0.2041559,-0.18585 0.256649,-0.24655 0.1164774,-0.134687 0.1984183,-0.255258 0.2774757,-0.408316 0.1169859,-0.226477 0.1829772,-0.448053 0.2107966,-0.707747 0.00468,-0.04393 0.00642,-0.09324 0.00642,-0.185102 0,-0.09185 -0.00161,-0.141173 -0.00642,-0.185104 C 7.1132064,13.306254 7.0472137,13.084679 6.9302278,12.858199 6.8511757,12.705144 6.7692335,12.584569 6.6527521,12.449883 6.6002603,12.389186 6.45929,12.253763 6.3961031,12.203336 6.0764788,11.948244 5.7081065,11.789943 5.3023264,11.73331 5.1895291,11.717561 5.124114,11.713423 4.9887398,11.713423 c -0.1353774,0 -0.2007935,0.0042 -0.3135898,0.01989 -0.4057774,0.05663 -0.7741497,0.214934 -1.0937768,0.470026 -0.063183,0.05042 -0.2041531,0.185847 -0.2566489,0.246547 -0.1164773,0.134683 -0.1984183,0.255258 -0.2774771,0.408313 -0.1169858,0.22648 -0.1829758,0.448055 -0.2107925,0.707748 -0.00896,0.08361 -0.00896,0.286591 0,0.370206 0.027818,0.259694 0.09381,0.48127 0.2107925,0.707747 0.079052,0.153058 0.1609984,0.273629 0.2774771,0.408316 0.052491,0.0607 0.1934649,0.196121 0.2566489,0.24655 0.349843,0.279207 0.750877,0.439697 1.2071218,0.483078 0.055918,0.0052 0.2576699,0.0096 0.3098098,0.0067 z M 4.8187216,15.088533 C 4.5805002,15.061031 4.3578632,14.978696 4.1641081,14.846444 3.9670024,14.711909 3.8024622,14.521214 3.7036992,14.312859 3.6430721,14.184945 3.6067174,14.062304 3.5861247,13.916193 c -0.00682,-0.04836 -0.00816,-0.07568 -0.00816,-0.163329 0,-0.11405 0.00535,-0.169464 0.026186,-0.267933 0.069659,-0.330301 0.2725704,-0.629466 0.5599865,-0.825646 0.1948872,-0.133026 0.4148067,-0.214076 0.658391,-0.242653 0.040222,-0.0048 0.08241,-0.0065 0.1586821,-0.0065 0.076269,0 0.1184711,0.0016 0.1586844,0.0065 0.2435856,0.02858 0.4635051,0.109631 0.6583922,0.242653 0.1971031,0.134537 0.3616459,0.325232 0.4604089,0.533586 0.060627,0.127913 0.096982,0.250555 0.1175745,0.396667 0.00682,0.04837 0.00816,0.07568 0.00816,0.163326 0,0.11405 -0.00535,0.169467 -0.026186,0.267935 -0.069659,0.330302 -0.2725704,0.629464 -0.5599865,0.825645 -0.2142688,0.146253 -0.4523484,0.227616 -0.728289,0.248884 -0.041278,0.0032 -0.2026238,-0.0012 -0.2512472,-0.0067 z m 2.6537639,-0.629315 c 0.7136343,-0.02166 1.3865786,-0.01253 2.1123843,-0.02189 l 0.1416823,-0.0274 c 0.077925,-0.01506 0.2571172,-0.04794 0.3982019,-0.07306 l 0.256523,-0.04565 0.201775,-0.06668 c 0.184234,-0.06088 0.203977,-0.06819 0.227084,-0.08403 0.01391,-0.0095 0.0653,-0.04514 0.114175,-0.07913 l 0.08888,-0.06179 0.06531,-0.186315 c 0.03785,-0.362839 0.08593,-0.573949 0.187412,-0.771571 0.08718,-0.326953 0.267745,-0.507167 0.404358,-0.766141 0.340843,-0.440443 0.839831,-0.625298 1.25901,-0.835317 0.149493,-0.08862 0.654872,-0.119447 1.068295,-0.03325 0.08621,-0.120715 0.05228,-0.154941 0.121995,-0.285571 l 0.04394,-0.132856 c 0.02418,-0.07307 0.06075,-0.178479 0.08129,-0.23424 l 0.03736,-0.101389 -0.01893,-0.121446 -0.01893,-0.121446 -0.05173,-0.10526 -0.05175,-0.105259 -0.08144,-0.108062 -0.08144,-0.108062 -0.101525,-0.0792 C 13.796507,9.841986 13.735808,9.7992413 13.591622,9.7036975 L 13.408381,9.5822884 13.19985,9.4850264 12.99132,9.3877644 12.52356,9.2238172 12.055799,9.0598687 l -0.0011,0.2173025 c -7.92e-4,0.1892703 -0.0016,0.2170376 -0.0066,0.2152575 -0.0031,-0.00118 -0.536465,-0.3848583 -1.185371,-0.852742 C 9.9874285,8.0084838 9.6437684,7.7627704 9.5309272,7.6873853 L 9.3788415,7.5857889 9.2267846,7.5615188 9.0747258,7.5372488 8.9798573,7.5555914 C 8.9013,7.5707757 8.8685182,7.5792242 8.7892426,7.6046447 8.695512,7.6347064 8.6909896,7.6366288 8.5734282,7.6960541 L 8.4533515,7.7567527 8.364666,7.8240268 8.2759804,7.8913008 7.6576962,8.693414 C 7.3176395,9.1345786 7.2684558,9.3020197 7.2603807,9.3123821 l 0.00215,0.002 c 0.4518284,0.320491 0.769001,0.6073119 1.2208327,0.9277959 l 0.565189,-0.6163891 c 0.4108054,-0.44802 0.6843641,-0.8688691 0.6860189,-0.8688691 0.00243,0 2.1022097,1.5077472 2.1123497,1.5167522 0.0016,0.0014 -0.02286,0.05993 -0.05422,0.130134 l -0.05703,0.12764 -0.119582,0.102832 c -0.09484,0.08156 -0.387635,0.314699 -0.444503,0.35394 -0.01739,0.012 -0.460421,0.164232 -0.463359,0.159215 -0.0013,-0.0024 -0.01566,-0.04006 -0.03183,-0.08398 -0.02768,-0.07516 -0.03242,-0.08489 -0.0807,-0.165913 l -0.05128,-0.08606 -0.107758,-0.04886 -0.107758,-0.04886 -0.06226,-0.01127 -0.06226,-0.01127 -0.9804305,-0.01238 C 8.6847119,10.67204 8.2170092,10.66637 8.1846096,10.66628 l -0.058915,-2.1e-4 C 7.709801,10.343412 7.2866957,10.025288 6.8677839,9.7090812 6.8653739,9.7114312 6.7092047,9.934649 6.5205971,10.205134 6.3319867,10.475621 6.1766148,10.698096 6.1753277,10.69952 c -0.00132,0.0014 -0.4241316,-0.0029 -0.9396521,-0.0098 L 4.2983698,10.67739 4.1806747,10.70726 c -0.064735,0.01642 -0.1192337,0.03143 -0.1211338,0.03333 -0.00187,0.0018 -0.014544,0.03857 -0.028139,0.08148 -0.2469738,0.220572 -0.07213,0.328067 -0.034738,0.483356 l 0.4218614,-0.01505 0.4109393,0.0015 c 0.5053321,-0.0057 0.573995,0.06169 0.6634865,0.0675 0.097284,-0.01527 0.457444,0.142518 0.5446762,0.169088 0.7521386,0.263722 0.9080843,0.588059 1.3001917,1.163832 0.240986,0.475111 0.2407605,0.990541 0.1932328,1.485137 z M 10.626709,7.2566566 c -0.0036,-9.355e-4 -0.19023,-0.028274 -0.414654,-0.060699 C 9.9876334,7.1635326 9.7874409,6.9859058 9.7854844,6.9842398 9.7822444,6.9814298 9.782501,6.532262 9.785589,6.5287649 c 0.00162,-0.00159 0.025809,0.00208 0.480636,0.073923 0.196034,0.031005 0.358625,0.056363 0.361312,0.056363 0.0035,0 -0.0024,-0.028016 -0.02059,-0.09774 l -0.0255,-0.09774 L 10.525477,6.3499005 10.469507,6.23623 10.391777,6.149192 C 10.319587,6.06835 10.307477,6.056657 10.221491,5.984788 L 10.128945,5.9074127 10.013718,5.8519434 9.8984781,5.7964729 9.7779739,5.7661418 9.6574686,5.7358106 9.4077149,5.754521 9.1579601,5.7732314 9.0213803,5.8093788 8.8847987,5.8455262 8.7838827,5.9061639 8.6829666,5.9668017 8.578518,6.0924221 C 8.5022752,6.1841503 8.45258,6.2483998 8.3943478,6.3305578 l -0.079748,0.1125071 -0.038,0.110695 -0.038,0.1106949 -0.00615,0.2293711 -0.021125,0.079628 0.1139756,0.2068219 0.091514,0.1993334 0.096617,-0.040158 c 0.062902,-0.040408 0.08692,-0.053315 0.1581834,-0.085041 l 0.084029,-0.037396 0.1443556,-0.01816 0.1443557,-0.01816 0.1351004,0 0.1351016,0 0.1579033,0.054576 0.1579055,0.054576 0.1941639,0.141678 c 0,0 0.1305435,0.09332 0.1866722,0.1491643 0.02953,0.029383 0.07577,0.085942 0.07577,0.085942 0,0 0.0935,0.051975 0.128168,0.078454 0.156992,0.031819 0.241112,0.036419 0.405967,0.048164 z"
       id="path3851"
       style="fill:#000000;fill-opacity:1"
       inkscape:connector-curvature="0" />
  </g>
</svg>
